(kicad_pcb (version 20171130) (host pcbnew "(5.1.12)-1")

  (general
    (thickness 1.6)
    (drawings 9)
    (tracks 47)
    (zones 0)
    (modules 12)
    (nets 39)
  )

  (page A4)
  (layers
    (0 F.Cu signal)
    (31 B.Cu signal)
    (32 B.Adhes user)
    (33 F.Adhes user)
    (34 B.Paste user)
    (35 F.Paste user)
    (36 B.SilkS user)
    (37 F.SilkS user)
    (38 B.Mask user)
    (39 F.Mask user)
    (40 Dwgs.User user)
    (41 Cmts.User user)
    (42 Eco1.User user)
    (43 Eco2.User user)
    (44 Edge.Cuts user)
    (45 Margin user)
    (46 B.CrtYd user)
    (47 F.CrtYd user)
    (48 B.Fab user)
    (49 F.Fab user)
  )

  (setup
    (last_trace_width 0.25)
    (user_trace_width 0.762)
    (trace_clearance 0.2)
    (zone_clearance 0.508)
    (zone_45_only no)
    (trace_min 0.2)
    (via_size 0.8)
    (via_drill 0.4)
    (via_min_size 0.4)
    (via_min_drill 0.3)
    (uvia_size 0.3)
    (uvia_drill 0.1)
    (uvias_allowed no)
    (uvia_min_size 0.2)
    (uvia_min_drill 0.1)
    (edge_width 0.05)
    (segment_width 0.2)
    (pcb_text_width 0.3)
    (pcb_text_size 1.5 1.5)
    (mod_edge_width 0.12)
    (mod_text_size 1 1)
    (mod_text_width 0.15)
    (pad_size 1.524 1.524)
    (pad_drill 0.762)
    (pad_to_mask_clearance 0)
    (aux_axis_origin 43.18 123.19)
    (visible_elements FFFFFF7F)
    (pcbplotparams
      (layerselection 0x010f0_ffffffff)
      (usegerberextensions true)
      (usegerberattributes true)
      (usegerberadvancedattributes true)
      (creategerberjobfile true)
      (excludeedgelayer true)
      (linewidth 0.100000)
      (plotframeref false)
      (viasonmask false)
      (mode 1)
      (useauxorigin false)
      (hpglpennumber 1)
      (hpglpenspeed 20)
      (hpglpendiameter 15.000000)
      (psnegative false)
      (psa4output false)
      (plotreference true)
      (plotvalue true)
      (plotinvisibletext false)
      (padsonsilk false)
      (subtractmaskfromsilk false)
      (outputformat 1)
      (mirror false)
      (drillshape 0)
      (scaleselection 1)
      (outputdirectory "out/"))
  )

  (net 0 "")
  (net 1 "Net-(A1-Pad1)")
  (net 2 "Net-(A1-Pad17)")
  (net 3 "Net-(A1-Pad2)")
  (net 4 "Net-(A1-Pad18)")
  (net 5 "Net-(A1-Pad3)")
  (net 6 "Net-(A1-Pad19)")
  (net 7 GND)
  (net 8 "Net-(A1-Pad20)")
  (net 9 "Net-(A1-Pad5)")
  (net 10 "Net-(A1-Pad21)")
  (net 11 "Net-(A1-Pad6)")
  (net 12 "Net-(A1-Pad22)")
  (net 13 "Net-(A1-Pad7)")
  (net 14 "Net-(A1-Pad23)")
  (net 15 "Net-(A1-Pad8)")
  (net 16 "Net-(A1-Pad24)")
  (net 17 "Net-(A1-Pad9)")
  (net 18 "Net-(A1-Pad25)")
  (net 19 "Net-(A1-Pad10)")
  (net 20 "Net-(A1-Pad26)")
  (net 21 "Net-(A1-Pad11)")
  (net 22 "Net-(A1-Pad27)")
  (net 23 "Net-(A1-Pad12)")
  (net 24 "Net-(A1-Pad28)")
  (net 25 "Net-(A1-Pad13)")
  (net 26 "Net-(A1-Pad14)")
  (net 27 "Net-(A1-Pad30)")
  (net 28 "Net-(A1-Pad15)")
  (net 29 "Net-(A1-Pad16)")
  (net 30 "Net-(BT1-Pad1)")
  (net 31 "Net-(D1-Pad1)")
  (net 32 "Net-(D1-Pad2)")
  (net 33 "Net-(SW_D2-Pad4)")
  (net 34 "Net-(SW_D4-Pad2)")
  (net 35 "Net-(SW_D5-Pad4)")
  (net 36 "Net-(SW_D7-Pad2)")
  (net 37 "Net-(SW_D9-Pad4)")
  (net 38 "Net-(SW_D11-Pad2)")

  (net_class Default "This is the default net class."
    (clearance 0.2)
    (trace_width 0.25)
    (via_dia 0.8)
    (via_drill 0.4)
    (uvia_dia 0.3)
    (uvia_drill 0.1)
    (add_net GND)
    (add_net "Net-(A1-Pad1)")
    (add_net "Net-(A1-Pad10)")
    (add_net "Net-(A1-Pad11)")
    (add_net "Net-(A1-Pad12)")
    (add_net "Net-(A1-Pad13)")
    (add_net "Net-(A1-Pad14)")
    (add_net "Net-(A1-Pad15)")
    (add_net "Net-(A1-Pad16)")
    (add_net "Net-(A1-Pad17)")
    (add_net "Net-(A1-Pad18)")
    (add_net "Net-(A1-Pad19)")
    (add_net "Net-(A1-Pad2)")
    (add_net "Net-(A1-Pad20)")
    (add_net "Net-(A1-Pad21)")
    (add_net "Net-(A1-Pad22)")
    (add_net "Net-(A1-Pad23)")
    (add_net "Net-(A1-Pad24)")
    (add_net "Net-(A1-Pad25)")
    (add_net "Net-(A1-Pad26)")
    (add_net "Net-(A1-Pad27)")
    (add_net "Net-(A1-Pad28)")
    (add_net "Net-(A1-Pad3)")
    (add_net "Net-(A1-Pad30)")
    (add_net "Net-(A1-Pad5)")
    (add_net "Net-(A1-Pad6)")
    (add_net "Net-(A1-Pad7)")
    (add_net "Net-(A1-Pad8)")
    (add_net "Net-(A1-Pad9)")
    (add_net "Net-(BT1-Pad1)")
    (add_net "Net-(D1-Pad1)")
    (add_net "Net-(D1-Pad2)")
    (add_net "Net-(SW_D11-Pad2)")
    (add_net "Net-(SW_D2-Pad4)")
    (add_net "Net-(SW_D4-Pad2)")
    (add_net "Net-(SW_D5-Pad4)")
    (add_net "Net-(SW_D7-Pad2)")
    (add_net "Net-(SW_D9-Pad4)")
  )

  (net_class PowerLine ""
    (clearance 0.2)
    (trace_width 0.762)
    (via_dia 0.8)
    (via_drill 0.4)
    (uvia_dia 0.3)
    (uvia_drill 0.1)
  )

  (module Connector_PinSocket_2.54mm:PinSocket_1x02_P2.54mm_Vertical (layer B.Cu) (tedit 620873CA) (tstamp 6208CFDC)
    (at 72.39 109.22 180)
    (descr "Through hole straight socket strip, 1x02, 2.54mm pitch, single row (from Kicad 4.0.7), script generated")
    (tags "Through hole socket strip THT 1x02 2.54mm single row")
    (path /620BB7A4)
    (fp_text reference SW0 (at 0 2.77 180) (layer B.SilkS)
      (effects (font (size 1 1) (thickness 0.15)) (justify mirror))
    )
    (fp_text value SW_DPST_x2 (at 0 -5.31 180) (layer B.Fab)
      (effects (font (size 1 1) (thickness 0.15)) (justify mirror))
    )
    (fp_line (start -1.8 -8.89) (end -1.8 1.8) (layer B.CrtYd) (width 0.05))
    (fp_line (start 1.75 -8.89) (end -1.8 -8.89) (layer B.CrtYd) (width 0.05))
    (fp_line (start 1.75 1.8) (end 1.75 -8.89) (layer B.CrtYd) (width 0.05))
    (fp_line (start -1.8 1.8) (end 1.75 1.8) (layer B.CrtYd) (width 0.05))
    (fp_line (start 0 1.33) (end 1.33 1.33) (layer B.SilkS) (width 0.12))
    (fp_line (start 1.33 1.33) (end 1.33 0) (layer B.SilkS) (width 0.12))
    (fp_line (start 1.33 -6.35) (end 1.33 -8.95) (layer B.SilkS) (width 0.12))
    (fp_line (start -1.33 -8.95) (end 1.33 -8.95) (layer B.SilkS) (width 0.12))
    (fp_line (start -1.33 -6.35) (end -1.33 -8.95) (layer B.SilkS) (width 0.12))
    (fp_line (start -1.33 -6.35) (end 1.33 -6.35) (layer B.SilkS) (width 0.12))
    (fp_line (start -1.27 -8.89) (end -1.27 1.27) (layer B.Fab) (width 0.1))
    (fp_line (start 1.27 -8.89) (end -1.27 -8.89) (layer B.Fab) (width 0.1))
    (fp_line (start 1.27 0.635) (end 1.27 -8.89) (layer B.Fab) (width 0.1))
    (fp_line (start 0.635 1.27) (end 1.27 0.635) (layer B.Fab) (width 0.1))
    (fp_line (start -1.27 1.27) (end 0.635 1.27) (layer B.Fab) (width 0.1))
    (fp_text user %R (at 0 -1.27 90) (layer B.Fab)
      (effects (font (size 1 1) (thickness 0.15)) (justify mirror))
    )
    (pad 1 thru_hole rect (at 0 0 180) (size 1.7 1.7) (drill 1) (layers *.Cu *.Mask)
      (net 27 "Net-(A1-Pad30)"))
    (pad 2 thru_hole oval (at 0 -7.62 180) (size 1.7 1.7) (drill 1) (layers *.Cu *.Mask)
      (net 30 "Net-(BT1-Pad1)"))
    (model ${KISYS3DMOD}/Connector_PinSocket_2.54mm.3dshapes/PinSocket_1x02_P2.54mm_Vertical.wrl
      (at (xyz 0 0 0))
      (scale (xyz 1 1 1))
      (rotate (xyz 0 0 0))
    )
  )

  (module Module:Arduino_Nano locked (layer F.Cu) (tedit 58ACAF70) (tstamp 62085B49)
    (at 53.34 83.82)
    (descr "Arduino Nano, http://www.mouser.com/pdfdocs/Gravitech_Arduino_Nano3_0.pdf")
    (tags "Arduino Nano")
    (path /6207B534)
    (fp_text reference Nano (at 7.62 35.56) (layer F.SilkS)
      (effects (font (size 1 1) (thickness 0.15)))
    )
    (fp_text value Arduino_Nano_v3.x (at 8.89 19.05 90) (layer F.Fab)
      (effects (font (size 1 1) (thickness 0.15)))
    )
    (fp_line (start 16.75 42.16) (end -1.53 42.16) (layer F.CrtYd) (width 0.05))
    (fp_line (start 16.75 42.16) (end 16.75 -4.06) (layer F.CrtYd) (width 0.05))
    (fp_line (start -1.53 -4.06) (end -1.53 42.16) (layer F.CrtYd) (width 0.05))
    (fp_line (start -1.53 -4.06) (end 16.75 -4.06) (layer F.CrtYd) (width 0.05))
    (fp_line (start 16.51 -3.81) (end 16.51 39.37) (layer F.Fab) (width 0.1))
    (fp_line (start 0 -3.81) (end 16.51 -3.81) (layer F.Fab) (width 0.1))
    (fp_line (start -1.27 -2.54) (end 0 -3.81) (layer F.Fab) (width 0.1))
    (fp_line (start -1.27 39.37) (end -1.27 -2.54) (layer F.Fab) (width 0.1))
    (fp_line (start 16.51 39.37) (end -1.27 39.37) (layer F.Fab) (width 0.1))
    (fp_line (start 16.64 -3.94) (end -1.4 -3.94) (layer F.SilkS) (width 0.12))
    (fp_line (start 16.64 39.5) (end 16.64 -3.94) (layer F.SilkS) (width 0.12))
    (fp_line (start -1.4 39.5) (end 16.64 39.5) (layer F.SilkS) (width 0.12))
    (fp_line (start 3.81 41.91) (end 3.81 31.75) (layer F.Fab) (width 0.1))
    (fp_line (start 11.43 41.91) (end 3.81 41.91) (layer F.Fab) (width 0.1))
    (fp_line (start 11.43 31.75) (end 11.43 41.91) (layer F.Fab) (width 0.1))
    (fp_line (start 3.81 31.75) (end 11.43 31.75) (layer F.Fab) (width 0.1))
    (fp_line (start 1.27 36.83) (end -1.4 36.83) (layer F.SilkS) (width 0.12))
    (fp_line (start 1.27 1.27) (end 1.27 36.83) (layer F.SilkS) (width 0.12))
    (fp_line (start 1.27 1.27) (end -1.4 1.27) (layer F.SilkS) (width 0.12))
    (fp_line (start 13.97 36.83) (end 16.64 36.83) (layer F.SilkS) (width 0.12))
    (fp_line (start 13.97 -1.27) (end 13.97 36.83) (layer F.SilkS) (width 0.12))
    (fp_line (start 13.97 -1.27) (end 16.64 -1.27) (layer F.SilkS) (width 0.12))
    (fp_line (start -1.4 -3.94) (end -1.4 -1.27) (layer F.SilkS) (width 0.12))
    (fp_line (start -1.4 1.27) (end -1.4 39.5) (layer F.SilkS) (width 0.12))
    (fp_line (start 1.27 -1.27) (end -1.4 -1.27) (layer F.SilkS) (width 0.12))
    (fp_line (start 1.27 1.27) (end 1.27 -1.27) (layer F.SilkS) (width 0.12))
    (fp_text user %R (at 6.35 19.05 90) (layer F.Fab)
      (effects (font (size 1 1) (thickness 0.15)))
    )
    (pad 1 thru_hole rect (at 0 0) (size 1.6 1.6) (drill 1) (layers *.Cu *.Mask)
      (net 1 "Net-(A1-Pad1)"))
    (pad 17 thru_hole oval (at 15.24 33.02) (size 1.6 1.6) (drill 1) (layers *.Cu *.Mask)
      (net 2 "Net-(A1-Pad17)"))
    (pad 2 thru_hole oval (at 0 2.54) (size 1.6 1.6) (drill 1) (layers *.Cu *.Mask)
      (net 3 "Net-(A1-Pad2)"))
    (pad 18 thru_hole oval (at 15.24 30.48) (size 1.6 1.6) (drill 1) (layers *.Cu *.Mask)
      (net 4 "Net-(A1-Pad18)"))
    (pad 3 thru_hole oval (at 0 5.08) (size 1.6 1.6) (drill 1) (layers *.Cu *.Mask)
      (net 5 "Net-(A1-Pad3)"))
    (pad 19 thru_hole oval (at 15.24 27.94) (size 1.6 1.6) (drill 1) (layers *.Cu *.Mask)
      (net 6 "Net-(A1-Pad19)"))
    (pad 4 thru_hole oval (at 0 7.62) (size 1.6 1.6) (drill 1) (layers *.Cu *.Mask)
      (net 7 GND))
    (pad 20 thru_hole oval (at 15.24 25.4) (size 1.6 1.6) (drill 1) (layers *.Cu *.Mask)
      (net 8 "Net-(A1-Pad20)"))
    (pad 5 thru_hole oval (at 0 10.16) (size 1.6 1.6) (drill 1) (layers *.Cu *.Mask)
      (net 9 "Net-(A1-Pad5)"))
    (pad 21 thru_hole oval (at 15.24 22.86) (size 1.6 1.6) (drill 1) (layers *.Cu *.Mask)
      (net 10 "Net-(A1-Pad21)"))
    (pad 6 thru_hole oval (at 0 12.7) (size 1.6 1.6) (drill 1) (layers *.Cu *.Mask)
      (net 11 "Net-(A1-Pad6)"))
    (pad 22 thru_hole oval (at 15.24 20.32) (size 1.6 1.6) (drill 1) (layers *.Cu *.Mask)
      (net 12 "Net-(A1-Pad22)"))
    (pad 7 thru_hole oval (at 0 15.24) (size 1.6 1.6) (drill 1) (layers *.Cu *.Mask)
      (net 13 "Net-(A1-Pad7)"))
    (pad 23 thru_hole oval (at 15.24 17.78) (size 1.6 1.6) (drill 1) (layers *.Cu *.Mask)
      (net 14 "Net-(A1-Pad23)"))
    (pad 8 thru_hole oval (at 0 17.78) (size 1.6 1.6) (drill 1) (layers *.Cu *.Mask)
      (net 15 "Net-(A1-Pad8)"))
    (pad 24 thru_hole oval (at 15.24 15.24) (size 1.6 1.6) (drill 1) (layers *.Cu *.Mask)
      (net 16 "Net-(A1-Pad24)"))
    (pad 9 thru_hole oval (at 0 20.32) (size 1.6 1.6) (drill 1) (layers *.Cu *.Mask)
      (net 17 "Net-(A1-Pad9)"))
    (pad 25 thru_hole oval (at 15.24 12.7) (size 1.6 1.6) (drill 1) (layers *.Cu *.Mask)
      (net 18 "Net-(A1-Pad25)"))
    (pad 10 thru_hole oval (at 0 22.86) (size 1.6 1.6) (drill 1) (layers *.Cu *.Mask)
      (net 19 "Net-(A1-Pad10)"))
    (pad 26 thru_hole oval (at 15.24 10.16) (size 1.6 1.6) (drill 1) (layers *.Cu *.Mask)
      (net 20 "Net-(A1-Pad26)"))
    (pad 11 thru_hole oval (at 0 25.4) (size 1.6 1.6) (drill 1) (layers *.Cu *.Mask)
      (net 21 "Net-(A1-Pad11)"))
    (pad 27 thru_hole oval (at 15.24 7.62) (size 1.6 1.6) (drill 1) (layers *.Cu *.Mask)
      (net 22 "Net-(A1-Pad27)"))
    (pad 12 thru_hole oval (at 0 27.94) (size 1.6 1.6) (drill 1) (layers *.Cu *.Mask)
      (net 23 "Net-(A1-Pad12)"))
    (pad 28 thru_hole oval (at 15.24 5.08) (size 1.6 1.6) (drill 1) (layers *.Cu *.Mask)
      (net 24 "Net-(A1-Pad28)"))
    (pad 13 thru_hole oval (at 0 30.48) (size 1.6 1.6) (drill 1) (layers *.Cu *.Mask)
      (net 25 "Net-(A1-Pad13)"))
    (pad 29 thru_hole oval (at 15.24 2.54) (size 1.6 1.6) (drill 1) (layers *.Cu *.Mask)
      (net 7 GND))
    (pad 14 thru_hole oval (at 0 33.02) (size 1.6 1.6) (drill 1) (layers *.Cu *.Mask)
      (net 26 "Net-(A1-Pad14)"))
    (pad 30 thru_hole oval (at 15.24 0) (size 1.6 1.6) (drill 1) (layers *.Cu *.Mask)
      (net 27 "Net-(A1-Pad30)"))
    (pad 15 thru_hole oval (at 0 35.56) (size 1.6 1.6) (drill 1) (layers *.Cu *.Mask)
      (net 28 "Net-(A1-Pad15)"))
    (pad 16 thru_hole oval (at 15.24 35.56) (size 1.6 1.6) (drill 1) (layers *.Cu *.Mask)
      (net 29 "Net-(A1-Pad16)"))
    (model ${KISYS3DMOD}/Module.3dshapes/Arduino_Nano_WithMountingHoles.wrl
      (at (xyz 0 0 0))
      (scale (xyz 1 1 1))
      (rotate (xyz 0 0 0))
    )
  )

  (module LED_THT:LED_D5.0mm_Clear (layer F.Cu) (tedit 5A6C9BC0) (tstamp 62085B81)
    (at 52.07 78.74)
    (descr "LED, diameter 5.0mm, 2 pins, http://cdn-reichelt.de/documents/datenblatt/A500/LL-504BC2E-009.pdf")
    (tags "LED diameter 5.0mm 2 pins")
    (path /62084973)
    (fp_text reference LED (at 1.27 -1.27) (layer F.SilkS)
      (effects (font (size 1 1) (thickness 0.15)))
    )
    (fp_text value LED (at 1.27 3.96) (layer F.Fab)
      (effects (font (size 1 1) (thickness 0.15)))
    )
    (fp_circle (center 1.27 0) (end 3.77 0) (layer F.SilkS) (width 0.12))
    (fp_circle (center 1.27 0) (end 3.77 0) (layer F.Fab) (width 0.1))
    (fp_line (start 4.5 -3.25) (end -1.95 -3.25) (layer F.CrtYd) (width 0.05))
    (fp_line (start 4.5 3.25) (end 4.5 -3.25) (layer F.CrtYd) (width 0.05))
    (fp_line (start -1.95 3.25) (end 4.5 3.25) (layer F.CrtYd) (width 0.05))
    (fp_line (start -1.95 -3.25) (end -1.95 3.25) (layer F.CrtYd) (width 0.05))
    (fp_line (start -1.29 -1.545) (end -1.29 1.545) (layer F.SilkS) (width 0.12))
    (fp_line (start -1.23 -1.469694) (end -1.23 1.469694) (layer F.Fab) (width 0.1))
    (fp_text user %R (at 1.25 0) (layer F.Fab)
      (effects (font (size 0.8 0.8) (thickness 0.2)))
    )
    (fp_arc (start 1.27 0) (end -1.23 -1.469694) (angle 299.1) (layer F.Fab) (width 0.1))
    (fp_arc (start 1.27 0) (end -1.29 -1.54483) (angle 148.9) (layer F.SilkS) (width 0.12))
    (fp_arc (start 1.27 0) (end -1.29 1.54483) (angle -148.9) (layer F.SilkS) (width 0.12))
    (pad 1 thru_hole rect (at 0 0) (size 1.8 1.8) (drill 0.9) (layers *.Cu *.Mask)
      (net 31 "Net-(D1-Pad1)"))
    (pad 2 thru_hole circle (at 2.54 0) (size 1.8 1.8) (drill 0.9) (layers *.Cu *.Mask)
      (net 32 "Net-(D1-Pad2)"))
    (model ${KISYS3DMOD}/LED_THT.3dshapes/LED_D5.0mm_Clear.wrl
      (at (xyz 0 0 0))
      (scale (xyz 1 1 1))
      (rotate (xyz 0 0 0))
    )
  )

  (module Package_TO_SOT_THT:TO-92L_Inline_Wide (layer F.Cu) (tedit 5A11996A) (tstamp 62085B95)
    (at 46.99 83.82 90)
    (descr "TO-92L leads in-line (large body variant of TO-92), also known as TO-226, wide, drill 0.75mm (see https://www.diodes.com/assets/Package-Files/TO92L.pdf and http://www.ti.com/lit/an/snoa059/snoa059.pdf)")
    (tags "TO-92L Inline Wide transistor")
    (path /62083FB0)
    (fp_text reference 2N7000 (at 1.27 2.54 90) (layer F.SilkS)
      (effects (font (size 1 1) (thickness 0.15)))
    )
    (fp_text value Q_NPN_EBC (at 2.54 2.79 90) (layer F.Fab)
      (effects (font (size 1 1) (thickness 0.15)))
    )
    (fp_line (start 6.1 1.85) (end -1 1.85) (layer F.CrtYd) (width 0.05))
    (fp_line (start 6.1 1.85) (end 6.1 -2.75) (layer F.CrtYd) (width 0.05))
    (fp_line (start -1 -2.75) (end -1 1.85) (layer F.CrtYd) (width 0.05))
    (fp_line (start -1 -2.75) (end 6.1 -2.75) (layer F.CrtYd) (width 0.05))
    (fp_line (start 0.65 1.6) (end 4.4 1.6) (layer F.Fab) (width 0.1))
    (fp_line (start 0.6 1.7) (end 4.45 1.7) (layer F.SilkS) (width 0.12))
    (fp_text user %R (at 2.54 0 90) (layer F.Fab)
      (effects (font (size 1 1) (thickness 0.15)))
    )
    (fp_arc (start 2.54 0) (end 0.6 1.7) (angle 15.44288892) (layer F.SilkS) (width 0.12))
    (fp_arc (start 2.54 0) (end 2.54 -2.6) (angle -65) (layer F.SilkS) (width 0.12))
    (fp_arc (start 2.54 0) (end 2.54 -2.6) (angle 65) (layer F.SilkS) (width 0.12))
    (fp_arc (start 2.54 0) (end 2.54 -2.48) (angle 129.9527847) (layer F.Fab) (width 0.1))
    (fp_arc (start 2.54 0) (end 2.54 -2.48) (angle -130.2499344) (layer F.Fab) (width 0.1))
    (fp_arc (start 2.54 0) (end 4.45 1.7) (angle -15.88591585) (layer F.SilkS) (width 0.12))
    (pad 2 thru_hole circle (at 2.54 0 90) (size 1.5 1.5) (drill 0.8) (layers *.Cu *.Mask)
      (net 11 "Net-(A1-Pad6)"))
    (pad 3 thru_hole circle (at 5.08 0 90) (size 1.5 1.5) (drill 0.8) (layers *.Cu *.Mask)
      (net 31 "Net-(D1-Pad1)"))
    (pad 1 thru_hole rect (at 0 0 90) (size 1.5 1.5) (drill 0.8) (layers *.Cu *.Mask)
      (net 7 GND))
    (model ${KISYS3DMOD}/Package_TO_SOT_THT.3dshapes/TO-92L_Inline_Wide.wrl
      (at (xyz 0 0 0))
      (scale (xyz 1 1 1))
      (rotate (xyz 0 0 0))
    )
  )

  (module Resistor_THT:R_Axial_DIN0204_L3.6mm_D1.6mm_P7.62mm_Horizontal (layer B.Cu) (tedit 5AE5139B) (tstamp 62085BAC)
    (at 66.04 81.28 180)
    (descr "Resistor, Axial_DIN0204 series, Axial, Horizontal, pin pitch=7.62mm, 0.167W, length*diameter=3.6*1.6mm^2, http://cdn-reichelt.de/documents/datenblatt/B400/1_4W%23YAG.pdf")
    (tags "Resistor Axial_DIN0204 series Axial Horizontal pin pitch 7.62mm 0.167W length 3.6mm diameter 1.6mm")
    (path /620836AA)
    (fp_text reference R1 (at 3.81 1.92 180) (layer B.SilkS)
      (effects (font (size 1 1) (thickness 0.15)) (justify mirror))
    )
    (fp_text value R (at 3.81 -1.92 180) (layer B.Fab)
      (effects (font (size 1 1) (thickness 0.15)) (justify mirror))
    )
    (fp_line (start 8.57 1.05) (end -0.95 1.05) (layer B.CrtYd) (width 0.05))
    (fp_line (start 8.57 -1.05) (end 8.57 1.05) (layer B.CrtYd) (width 0.05))
    (fp_line (start -0.95 -1.05) (end 8.57 -1.05) (layer B.CrtYd) (width 0.05))
    (fp_line (start -0.95 1.05) (end -0.95 -1.05) (layer B.CrtYd) (width 0.05))
    (fp_line (start 6.68 0) (end 5.73 0) (layer B.SilkS) (width 0.12))
    (fp_line (start 0.94 0) (end 1.89 0) (layer B.SilkS) (width 0.12))
    (fp_line (start 5.73 0.92) (end 1.89 0.92) (layer B.SilkS) (width 0.12))
    (fp_line (start 5.73 -0.92) (end 5.73 0.92) (layer B.SilkS) (width 0.12))
    (fp_line (start 1.89 -0.92) (end 5.73 -0.92) (layer B.SilkS) (width 0.12))
    (fp_line (start 1.89 0.92) (end 1.89 -0.92) (layer B.SilkS) (width 0.12))
    (fp_line (start 7.62 0) (end 5.61 0) (layer B.Fab) (width 0.1))
    (fp_line (start 0 0) (end 2.01 0) (layer B.Fab) (width 0.1))
    (fp_line (start 5.61 0.8) (end 2.01 0.8) (layer B.Fab) (width 0.1))
    (fp_line (start 5.61 -0.8) (end 5.61 0.8) (layer B.Fab) (width 0.1))
    (fp_line (start 2.01 -0.8) (end 5.61 -0.8) (layer B.Fab) (width 0.1))
    (fp_line (start 2.01 0.8) (end 2.01 -0.8) (layer B.Fab) (width 0.1))
    (fp_text user %R (at 3.81 0 180) (layer B.Fab)
      (effects (font (size 0.72 0.72) (thickness 0.108)) (justify mirror))
    )
    (pad 1 thru_hole circle (at 0 0 180) (size 1.4 1.4) (drill 0.7) (layers *.Cu *.Mask)
      (net 32 "Net-(D1-Pad2)"))
    (pad 2 thru_hole oval (at 7.62 0 180) (size 1.4 1.4) (drill 0.7) (layers *.Cu *.Mask)
      (net 22 "Net-(A1-Pad27)"))
    (model ${KISYS3DMOD}/Resistor_THT.3dshapes/R_Axial_DIN0204_L3.6mm_D1.6mm_P7.62mm_Horizontal.wrl
      (at (xyz 0 0 0))
      (scale (xyz 1 1 1))
      (rotate (xyz 0 0 0))
    )
  )

  (module Button_Switch_THT:SW_TH_Tactile_Omron_B3F-10xx (layer B.Cu) (tedit 5D84F0EF) (tstamp 62085BE7)
    (at 64.77 104.14 90)
    (descr SW_TH_Tactile_Omron_B3F-10xx_https://www.omron.com/ecb/products/pdf/en-b3f.pdf)
    (tags "Omron B3F-10xx")
    (path /62095D79)
    (fp_text reference SW_D5 (at 3.25 2.05 90) (layer B.SilkS)
      (effects (font (size 1 1) (thickness 0.15)) (justify mirror))
    )
    (fp_text value SW_MEC_5E (at 3.2 -6.5 90) (layer B.Fab)
      (effects (font (size 1 1) (thickness 0.15)) (justify mirror))
    )
    (fp_text user %R (at 3.25 -2.25 90) (layer B.Fab)
      (effects (font (size 1 1) (thickness 0.15)) (justify mirror))
    )
    (fp_line (start 0.25 0.75) (end 0.25 -5.25) (layer B.Fab) (width 0.1))
    (fp_line (start 6.25 0.75) (end 6.25 -5.25) (layer B.Fab) (width 0.1))
    (fp_line (start 0.25 0.75) (end 6.25 0.75) (layer B.Fab) (width 0.1))
    (fp_line (start 7.6 -5.6) (end 7.6 1.1) (layer B.CrtYd) (width 0.05))
    (fp_line (start -1.1 -5.6) (end 7.6 -5.6) (layer B.CrtYd) (width 0.05))
    (fp_line (start -1.1 1.1) (end -1.1 -5.6) (layer B.CrtYd) (width 0.05))
    (fp_circle (center 3.25 -2.25) (end 4.25 -3.25) (layer B.SilkS) (width 0.12))
    (fp_line (start 0.28 -5.37) (end 6.22 -5.37) (layer B.SilkS) (width 0.12))
    (fp_line (start 0.28 0.87) (end 6.22 0.87) (layer B.SilkS) (width 0.12))
    (fp_line (start 0.13 -3.59) (end 0.13 -0.91) (layer B.SilkS) (width 0.12))
    (fp_line (start 6.37 -0.91) (end 6.37 -3.59) (layer B.SilkS) (width 0.12))
    (fp_line (start 0.25 -5.25) (end 6.25 -5.25) (layer B.Fab) (width 0.1))
    (fp_line (start -1.1 1.1) (end 7.6 1.1) (layer B.CrtYd) (width 0.05))
    (pad 1 thru_hole circle (at 0 0 90) (size 1.7 1.7) (drill 1) (layers *.Cu *.Mask)
      (net 7 GND))
    (pad 2 thru_hole circle (at 6.5 0 90) (size 1.7 1.7) (drill 1) (layers *.Cu *.Mask)
      (net 7 GND))
    (pad 3 thru_hole circle (at 0 -4.5 90) (size 1.7 1.7) (drill 1) (layers *.Cu *.Mask)
      (net 15 "Net-(A1-Pad8)"))
    (pad 4 thru_hole circle (at 6.5 -4.5 90) (size 1.7 1.7) (drill 1) (layers *.Cu *.Mask)
      (net 35 "Net-(SW_D5-Pad4)"))
    (model ${KISYS3DMOD}/Button_Switch_THT.3dshapes/SW_TH_Tactile_Omron_B3F-10xx.wrl
      (at (xyz 0 0 0))
      (scale (xyz 1 1 1))
      (rotate (xyz 0 0 0))
    )
  )

  (module Button_Switch_THT:SW_TH_Tactile_Omron_B3F-10xx (layer B.Cu) (tedit 5D84F0EF) (tstamp 62085BFD)
    (at 49.53 106.68 90)
    (descr SW_TH_Tactile_Omron_B3F-10xx_https://www.omron.com/ecb/products/pdf/en-b3f.pdf)
    (tags "Omron B3F-10xx")
    (path /6208E758)
    (fp_text reference SW_D7 (at 3.25 2.05 90) (layer B.SilkS)
      (effects (font (size 1 1) (thickness 0.15)) (justify mirror))
    )
    (fp_text value SW_MEC_5E (at 3.2 -6.5 90) (layer B.Fab)
      (effects (font (size 1 1) (thickness 0.15)) (justify mirror))
    )
    (fp_line (start -1.1 1.1) (end 7.6 1.1) (layer B.CrtYd) (width 0.05))
    (fp_line (start 0.25 -5.25) (end 6.25 -5.25) (layer B.Fab) (width 0.1))
    (fp_line (start 6.37 -0.91) (end 6.37 -3.59) (layer B.SilkS) (width 0.12))
    (fp_line (start 0.13 -3.59) (end 0.13 -0.91) (layer B.SilkS) (width 0.12))
    (fp_line (start 0.28 0.87) (end 6.22 0.87) (layer B.SilkS) (width 0.12))
    (fp_line (start 0.28 -5.37) (end 6.22 -5.37) (layer B.SilkS) (width 0.12))
    (fp_circle (center 3.25 -2.25) (end 4.25 -3.25) (layer B.SilkS) (width 0.12))
    (fp_line (start -1.1 1.1) (end -1.1 -5.6) (layer B.CrtYd) (width 0.05))
    (fp_line (start -1.1 -5.6) (end 7.6 -5.6) (layer B.CrtYd) (width 0.05))
    (fp_line (start 7.6 -5.6) (end 7.6 1.1) (layer B.CrtYd) (width 0.05))
    (fp_line (start 0.25 0.75) (end 6.25 0.75) (layer B.Fab) (width 0.1))
    (fp_line (start 6.25 0.75) (end 6.25 -5.25) (layer B.Fab) (width 0.1))
    (fp_line (start 0.25 0.75) (end 0.25 -5.25) (layer B.Fab) (width 0.1))
    (fp_text user %R (at 3.25 -2.25 90) (layer B.Fab)
      (effects (font (size 1 1) (thickness 0.15)) (justify mirror))
    )
    (pad 4 thru_hole circle (at 6.5 -4.5 90) (size 1.7 1.7) (drill 1) (layers *.Cu *.Mask)
      (net 7 GND))
    (pad 3 thru_hole circle (at 0 -4.5 90) (size 1.7 1.7) (drill 1) (layers *.Cu *.Mask)
      (net 7 GND))
    (pad 2 thru_hole circle (at 6.5 0 90) (size 1.7 1.7) (drill 1) (layers *.Cu *.Mask)
      (net 36 "Net-(SW_D7-Pad2)"))
    (pad 1 thru_hole circle (at 0 0 90) (size 1.7 1.7) (drill 1) (layers *.Cu *.Mask)
      (net 19 "Net-(A1-Pad10)"))
    (model ${KISYS3DMOD}/Button_Switch_THT.3dshapes/SW_TH_Tactile_Omron_B3F-10xx.wrl
      (at (xyz 0 0 0))
      (scale (xyz 1 1 1))
      (rotate (xyz 0 0 0))
    )
  )

  (module Button_Switch_THT:SW_TH_Tactile_Omron_B3F-10xx (layer B.Cu) (tedit 5D84F0EF) (tstamp 62085C13)
    (at 64.77 114.3 90)
    (descr SW_TH_Tactile_Omron_B3F-10xx_https://www.omron.com/ecb/products/pdf/en-b3f.pdf)
    (tags "Omron B3F-10xx")
    (path /6209E2C3)
    (fp_text reference SW_D9 (at 3.25 2.05 270) (layer B.SilkS)
      (effects (font (size 1 1) (thickness 0.15)) (justify mirror))
    )
    (fp_text value SW_MEC_5E (at 3.2 -6.5 270) (layer B.Fab)
      (effects (font (size 1 1) (thickness 0.15)) (justify mirror))
    )
    (fp_text user %R (at 3.25 -2.25 270) (layer B.Fab)
      (effects (font (size 1 1) (thickness 0.15)) (justify mirror))
    )
    (fp_line (start 0.25 0.75) (end 0.25 -5.25) (layer B.Fab) (width 0.1))
    (fp_line (start 6.25 0.75) (end 6.25 -5.25) (layer B.Fab) (width 0.1))
    (fp_line (start 0.25 0.75) (end 6.25 0.75) (layer B.Fab) (width 0.1))
    (fp_line (start 7.6 -5.6) (end 7.6 1.1) (layer B.CrtYd) (width 0.05))
    (fp_line (start -1.1 -5.6) (end 7.6 -5.6) (layer B.CrtYd) (width 0.05))
    (fp_line (start -1.1 1.1) (end -1.1 -5.6) (layer B.CrtYd) (width 0.05))
    (fp_circle (center 3.25 -2.25) (end 4.25 -3.25) (layer B.SilkS) (width 0.12))
    (fp_line (start 0.28 -5.37) (end 6.22 -5.37) (layer B.SilkS) (width 0.12))
    (fp_line (start 0.28 0.87) (end 6.22 0.87) (layer B.SilkS) (width 0.12))
    (fp_line (start 0.13 -3.59) (end 0.13 -0.91) (layer B.SilkS) (width 0.12))
    (fp_line (start 6.37 -0.91) (end 6.37 -3.59) (layer B.SilkS) (width 0.12))
    (fp_line (start 0.25 -5.25) (end 6.25 -5.25) (layer B.Fab) (width 0.1))
    (fp_line (start -1.1 1.1) (end 7.6 1.1) (layer B.CrtYd) (width 0.05))
    (pad 1 thru_hole circle (at 0 0 90) (size 1.7 1.7) (drill 1) (layers *.Cu *.Mask)
      (net 7 GND))
    (pad 2 thru_hole circle (at 6.5 0 90) (size 1.7 1.7) (drill 1) (layers *.Cu *.Mask)
      (net 7 GND))
    (pad 3 thru_hole circle (at 0 -4.5 90) (size 1.7 1.7) (drill 1) (layers *.Cu *.Mask)
      (net 23 "Net-(A1-Pad12)"))
    (pad 4 thru_hole circle (at 6.5 -4.5 90) (size 1.7 1.7) (drill 1) (layers *.Cu *.Mask)
      (net 37 "Net-(SW_D9-Pad4)"))
    (model ${KISYS3DMOD}/Button_Switch_THT.3dshapes/SW_TH_Tactile_Omron_B3F-10xx.wrl
      (at (xyz 0 0 0))
      (scale (xyz 1 1 1))
      (rotate (xyz 0 0 0))
    )
  )

  (module Button_Switch_THT:SW_TH_Tactile_Omron_B3F-10xx (layer B.Cu) (tedit 5D84F0EF) (tstamp 62085C29)
    (at 64.77 93.98 90)
    (descr SW_TH_Tactile_Omron_B3F-10xx_https://www.omron.com/ecb/products/pdf/en-b3f.pdf)
    (tags "Omron B3F-10xx")
    (path /620A0121)
    (fp_text reference SW_D2 (at 3.25 2.05 270) (layer B.SilkS)
      (effects (font (size 1 1) (thickness 0.15)) (justify mirror))
    )
    (fp_text value SW_MEC_5E (at 3.2 -6.5 270) (layer B.Fab)
      (effects (font (size 1 1) (thickness 0.15)) (justify mirror))
    )
    (fp_text user %R (at 3.25 -2.25 270) (layer B.Fab)
      (effects (font (size 1 1) (thickness 0.15)) (justify mirror))
    )
    (fp_line (start 0.25 0.75) (end 0.25 -5.25) (layer B.Fab) (width 0.1))
    (fp_line (start 6.25 0.75) (end 6.25 -5.25) (layer B.Fab) (width 0.1))
    (fp_line (start 0.25 0.75) (end 6.25 0.75) (layer B.Fab) (width 0.1))
    (fp_line (start 7.6 -5.6) (end 7.6 1.1) (layer B.CrtYd) (width 0.05))
    (fp_line (start -1.1 -5.6) (end 7.6 -5.6) (layer B.CrtYd) (width 0.05))
    (fp_line (start -1.1 1.1) (end -1.1 -5.6) (layer B.CrtYd) (width 0.05))
    (fp_circle (center 3.25 -2.25) (end 4.25 -3.25) (layer B.SilkS) (width 0.12))
    (fp_line (start 0.28 -5.37) (end 6.22 -5.37) (layer B.SilkS) (width 0.12))
    (fp_line (start 0.28 0.87) (end 6.22 0.87) (layer B.SilkS) (width 0.12))
    (fp_line (start 0.13 -3.59) (end 0.13 -0.91) (layer B.SilkS) (width 0.12))
    (fp_line (start 6.37 -0.91) (end 6.37 -3.59) (layer B.SilkS) (width 0.12))
    (fp_line (start 0.25 -5.25) (end 6.25 -5.25) (layer B.Fab) (width 0.1))
    (fp_line (start -1.1 1.1) (end 7.6 1.1) (layer B.CrtYd) (width 0.05))
    (pad 1 thru_hole circle (at 0 0 90) (size 1.7 1.7) (drill 1) (layers *.Cu *.Mask)
      (net 7 GND))
    (pad 2 thru_hole circle (at 6.5 0 90) (size 1.7 1.7) (drill 1) (layers *.Cu *.Mask)
      (net 7 GND))
    (pad 3 thru_hole circle (at 0 -4.5 90) (size 1.7 1.7) (drill 1) (layers *.Cu *.Mask)
      (net 9 "Net-(A1-Pad5)"))
    (pad 4 thru_hole circle (at 6.5 -4.5 90) (size 1.7 1.7) (drill 1) (layers *.Cu *.Mask)
      (net 33 "Net-(SW_D2-Pad4)"))
    (model ${KISYS3DMOD}/Button_Switch_THT.3dshapes/SW_TH_Tactile_Omron_B3F-10xx.wrl
      (at (xyz 0 0 0))
      (scale (xyz 1 1 1))
      (rotate (xyz 0 0 0))
    )
  )

  (module Button_Switch_THT:SW_TH_Tactile_Omron_B3F-10xx (layer B.Cu) (tedit 5D84F0EF) (tstamp 62085C3F)
    (at 49.53 116.84 90)
    (descr SW_TH_Tactile_Omron_B3F-10xx_https://www.omron.com/ecb/products/pdf/en-b3f.pdf)
    (tags "Omron B3F-10xx")
    (path /6209F2BE)
    (fp_text reference SW_D11 (at 3.25 2.05 270) (layer B.SilkS)
      (effects (font (size 1 1) (thickness 0.15)) (justify mirror))
    )
    (fp_text value SW_MEC_5E (at 3.2 -6.5 270) (layer B.Fab)
      (effects (font (size 1 1) (thickness 0.15)) (justify mirror))
    )
    (fp_line (start -1.1 1.1) (end 7.6 1.1) (layer B.CrtYd) (width 0.05))
    (fp_line (start 0.25 -5.25) (end 6.25 -5.25) (layer B.Fab) (width 0.1))
    (fp_line (start 6.37 -0.91) (end 6.37 -3.59) (layer B.SilkS) (width 0.12))
    (fp_line (start 0.13 -3.59) (end 0.13 -0.91) (layer B.SilkS) (width 0.12))
    (fp_line (start 0.28 0.87) (end 6.22 0.87) (layer B.SilkS) (width 0.12))
    (fp_line (start 0.28 -5.37) (end 6.22 -5.37) (layer B.SilkS) (width 0.12))
    (fp_circle (center 3.25 -2.25) (end 4.25 -3.25) (layer B.SilkS) (width 0.12))
    (fp_line (start -1.1 1.1) (end -1.1 -5.6) (layer B.CrtYd) (width 0.05))
    (fp_line (start -1.1 -5.6) (end 7.6 -5.6) (layer B.CrtYd) (width 0.05))
    (fp_line (start 7.6 -5.6) (end 7.6 1.1) (layer B.CrtYd) (width 0.05))
    (fp_line (start 0.25 0.75) (end 6.25 0.75) (layer B.Fab) (width 0.1))
    (fp_line (start 6.25 0.75) (end 6.25 -5.25) (layer B.Fab) (width 0.1))
    (fp_line (start 0.25 0.75) (end 0.25 -5.25) (layer B.Fab) (width 0.1))
    (fp_text user %R (at 3.25 -2.25 270) (layer B.Fab)
      (effects (font (size 1 1) (thickness 0.15)) (justify mirror))
    )
    (pad 4 thru_hole circle (at 6.5 -4.5 90) (size 1.7 1.7) (drill 1) (layers *.Cu *.Mask)
      (net 7 GND))
    (pad 3 thru_hole circle (at 0 -4.5 90) (size 1.7 1.7) (drill 1) (layers *.Cu *.Mask)
      (net 7 GND))
    (pad 2 thru_hole circle (at 6.5 0 90) (size 1.7 1.7) (drill 1) (layers *.Cu *.Mask)
      (net 38 "Net-(SW_D11-Pad2)"))
    (pad 1 thru_hole circle (at 0 0 90) (size 1.7 1.7) (drill 1) (layers *.Cu *.Mask)
      (net 26 "Net-(A1-Pad14)"))
    (model ${KISYS3DMOD}/Button_Switch_THT.3dshapes/SW_TH_Tactile_Omron_B3F-10xx.wrl
      (at (xyz 0 0 0))
      (scale (xyz 1 1 1))
      (rotate (xyz 0 0 0))
    )
  )

  (module Button_Switch_THT:SW_TH_Tactile_Omron_B3F-10xx (layer B.Cu) (tedit 5D84F0EF) (tstamp 62085C55)
    (at 49.53 96.52 90)
    (descr SW_TH_Tactile_Omron_B3F-10xx_https://www.omron.com/ecb/products/pdf/en-b3f.pdf)
    (tags "Omron B3F-10xx")
    (path /620991CA)
    (fp_text reference SW_D4 (at 3.25 2.05 270) (layer B.SilkS)
      (effects (font (size 1 1) (thickness 0.15)) (justify mirror))
    )
    (fp_text value SW_MEC_5E (at 3.2 -6.5 270) (layer B.Fab)
      (effects (font (size 1 1) (thickness 0.15)) (justify mirror))
    )
    (fp_line (start -1.1 1.1) (end 7.6 1.1) (layer B.CrtYd) (width 0.05))
    (fp_line (start 0.25 -5.25) (end 6.25 -5.25) (layer B.Fab) (width 0.1))
    (fp_line (start 6.37 -0.91) (end 6.37 -3.59) (layer B.SilkS) (width 0.12))
    (fp_line (start 0.13 -3.59) (end 0.13 -0.91) (layer B.SilkS) (width 0.12))
    (fp_line (start 0.28 0.87) (end 6.22 0.87) (layer B.SilkS) (width 0.12))
    (fp_line (start 0.28 -5.37) (end 6.22 -5.37) (layer B.SilkS) (width 0.12))
    (fp_circle (center 3.25 -2.25) (end 4.25 -3.25) (layer B.SilkS) (width 0.12))
    (fp_line (start -1.1 1.1) (end -1.1 -5.6) (layer B.CrtYd) (width 0.05))
    (fp_line (start -1.1 -5.6) (end 7.6 -5.6) (layer B.CrtYd) (width 0.05))
    (fp_line (start 7.6 -5.6) (end 7.6 1.1) (layer B.CrtYd) (width 0.05))
    (fp_line (start 0.25 0.75) (end 6.25 0.75) (layer B.Fab) (width 0.1))
    (fp_line (start 6.25 0.75) (end 6.25 -5.25) (layer B.Fab) (width 0.1))
    (fp_line (start 0.25 0.75) (end 0.25 -5.25) (layer B.Fab) (width 0.1))
    (fp_text user %R (at 3.25 -2.25 270) (layer B.Fab)
      (effects (font (size 1 1) (thickness 0.15)) (justify mirror))
    )
    (pad 4 thru_hole circle (at 6.5 -4.5 90) (size 1.7 1.7) (drill 1) (layers *.Cu *.Mask)
      (net 7 GND))
    (pad 3 thru_hole circle (at 0 -4.5 90) (size 1.7 1.7) (drill 1) (layers *.Cu *.Mask)
      (net 7 GND))
    (pad 2 thru_hole circle (at 6.5 0 90) (size 1.7 1.7) (drill 1) (layers *.Cu *.Mask)
      (net 34 "Net-(SW_D4-Pad2)"))
    (pad 1 thru_hole circle (at 0 0 90) (size 1.7 1.7) (drill 1) (layers *.Cu *.Mask)
      (net 13 "Net-(A1-Pad7)"))
    (model ${KISYS3DMOD}/Button_Switch_THT.3dshapes/SW_TH_Tactile_Omron_B3F-10xx.wrl
      (at (xyz 0 0 0))
      (scale (xyz 1 1 1))
      (rotate (xyz 0 0 0))
    )
  )

  (module Connector_PinSocket_2.54mm:PinSocket_1x02_P2.54mm_Horizontal (layer B.Cu) (tedit 5A19A41B) (tstamp 6208CCAF)
    (at 72.39 121.92 90)
    (descr "Through hole angled socket strip, 1x02, 2.54mm pitch, 8.51mm socket length, single row (from Kicad 4.0.7), script generated")
    (tags "Through hole angled socket strip THT 1x02 2.54mm single row")
    (path /620B810D)
    (fp_text reference BT1 (at -4.38 2.77 270) (layer B.SilkS)
      (effects (font (size 1 1) (thickness 0.15)) (justify mirror))
    )
    (fp_text value Battery (at -4.38 -5.31 270) (layer B.Fab)
      (effects (font (size 1 1) (thickness 0.15)) (justify mirror))
    )
    (fp_line (start 1.75 -4.35) (end 1.75 1.75) (layer B.CrtYd) (width 0.05))
    (fp_line (start -10.55 -4.35) (end 1.75 -4.35) (layer B.CrtYd) (width 0.05))
    (fp_line (start -10.55 1.75) (end -10.55 -4.35) (layer B.CrtYd) (width 0.05))
    (fp_line (start 1.75 1.75) (end -10.55 1.75) (layer B.CrtYd) (width 0.05))
    (fp_line (start 0 1.33) (end 1.11 1.33) (layer B.SilkS) (width 0.12))
    (fp_line (start 1.11 1.33) (end 1.11 0) (layer B.SilkS) (width 0.12))
    (fp_line (start -10.09 1.33) (end -10.09 -3.87) (layer B.SilkS) (width 0.12))
    (fp_line (start -10.09 -3.87) (end -1.46 -3.87) (layer B.SilkS) (width 0.12))
    (fp_line (start -1.46 1.33) (end -1.46 -3.87) (layer B.SilkS) (width 0.12))
    (fp_line (start -10.09 1.33) (end -1.46 1.33) (layer B.SilkS) (width 0.12))
    (fp_line (start -10.09 -1.27) (end -1.46 -1.27) (layer B.SilkS) (width 0.12))
    (fp_line (start -1.46 -2.9) (end -1.05 -2.9) (layer B.SilkS) (width 0.12))
    (fp_line (start -1.46 -2.18) (end -1.05 -2.18) (layer B.SilkS) (width 0.12))
    (fp_line (start -1.46 -0.36) (end -1.11 -0.36) (layer B.SilkS) (width 0.12))
    (fp_line (start -1.46 0.36) (end -1.11 0.36) (layer B.SilkS) (width 0.12))
    (fp_line (start -10.09 -1.1519) (end -1.46 -1.1519) (layer B.SilkS) (width 0.12))
    (fp_line (start -10.09 -1.033805) (end -1.46 -1.033805) (layer B.SilkS) (width 0.12))
    (fp_line (start -10.09 -0.91571) (end -1.46 -0.91571) (layer B.SilkS) (width 0.12))
    (fp_line (start -10.09 -0.797615) (end -1.46 -0.797615) (layer B.SilkS) (width 0.12))
    (fp_line (start -10.09 -0.67952) (end -1.46 -0.67952) (layer B.SilkS) (width 0.12))
    (fp_line (start -10.09 -0.561425) (end -1.46 -0.561425) (layer B.SilkS) (width 0.12))
    (fp_line (start -10.09 -0.44333) (end -1.46 -0.44333) (layer B.SilkS) (width 0.12))
    (fp_line (start -10.09 -0.325235) (end -1.46 -0.325235) (layer B.SilkS) (width 0.12))
    (fp_line (start -10.09 -0.20714) (end -1.46 -0.20714) (layer B.SilkS) (width 0.12))
    (fp_line (start -10.09 -0.089045) (end -1.46 -0.089045) (layer B.SilkS) (width 0.12))
    (fp_line (start -10.09 0.02905) (end -1.46 0.02905) (layer B.SilkS) (width 0.12))
    (fp_line (start -10.09 0.147145) (end -1.46 0.147145) (layer B.SilkS) (width 0.12))
    (fp_line (start -10.09 0.26524) (end -1.46 0.26524) (layer B.SilkS) (width 0.12))
    (fp_line (start -10.09 0.383335) (end -1.46 0.383335) (layer B.SilkS) (width 0.12))
    (fp_line (start -10.09 0.50143) (end -1.46 0.50143) (layer B.SilkS) (width 0.12))
    (fp_line (start -10.09 0.619525) (end -1.46 0.619525) (layer B.SilkS) (width 0.12))
    (fp_line (start -10.09 0.73762) (end -1.46 0.73762) (layer B.SilkS) (width 0.12))
    (fp_line (start -10.09 0.855715) (end -1.46 0.855715) (layer B.SilkS) (width 0.12))
    (fp_line (start -10.09 0.97381) (end -1.46 0.97381) (layer B.SilkS) (width 0.12))
    (fp_line (start -10.09 1.091905) (end -1.46 1.091905) (layer B.SilkS) (width 0.12))
    (fp_line (start -10.09 1.21) (end -1.46 1.21) (layer B.SilkS) (width 0.12))
    (fp_line (start 0 -2.84) (end 0 -2.24) (layer B.Fab) (width 0.1))
    (fp_line (start -1.52 -2.84) (end 0 -2.84) (layer B.Fab) (width 0.1))
    (fp_line (start 0 -2.24) (end -1.52 -2.24) (layer B.Fab) (width 0.1))
    (fp_line (start 0 -0.3) (end 0 0.3) (layer B.Fab) (width 0.1))
    (fp_line (start -1.52 -0.3) (end 0 -0.3) (layer B.Fab) (width 0.1))
    (fp_line (start 0 0.3) (end -1.52 0.3) (layer B.Fab) (width 0.1))
    (fp_line (start -10.03 -3.81) (end -10.03 1.27) (layer B.Fab) (width 0.1))
    (fp_line (start -1.52 -3.81) (end -10.03 -3.81) (layer B.Fab) (width 0.1))
    (fp_line (start -1.52 0.3) (end -1.52 -3.81) (layer B.Fab) (width 0.1))
    (fp_line (start -2.49 1.27) (end -1.52 0.3) (layer B.Fab) (width 0.1))
    (fp_line (start -10.03 1.27) (end -2.49 1.27) (layer B.Fab) (width 0.1))
    (fp_text user %R (at -5.775 -1.27 270) (layer B.Fab)
      (effects (font (size 1 1) (thickness 0.15)) (justify mirror))
    )
    (pad 1 thru_hole rect (at 0 0 90) (size 1.7 1.7) (drill 1) (layers *.Cu *.Mask)
      (net 30 "Net-(BT1-Pad1)"))
    (pad 2 thru_hole oval (at 0 -2.54 90) (size 1.7 1.7) (drill 1) (layers *.Cu *.Mask)
      (net 7 GND))
    (model ${KISYS3DMOD}/Connector_PinSocket_2.54mm.3dshapes/PinSocket_1x02_P2.54mm_Horizontal.wrl
      (at (xyz 0 0 0))
      (scale (xyz 1 1 1))
      (rotate (xyz 0 0 0))
    )
  )

  (gr_text - (at 49.53 77.47) (layer F.SilkS)
    (effects (font (size 1 1) (thickness 0.15)))
  )
  (gr_text + (at 57.15 77.47) (layer F.SilkS)
    (effects (font (size 1 1) (thickness 0.15)))
  )
  (gr_line (start 64.77 115.57) (end 64.77 123.19) (layer F.SilkS) (width 0.12))
  (gr_line (start 57.15 115.57) (end 64.77 115.57) (layer F.SilkS) (width 0.12))
  (gr_line (start 57.15 123.19) (end 57.15 115.57) (layer F.SilkS) (width 0.12))
  (gr_line (start 73.66 76.2) (end 73.66 123.19) (layer Edge.Cuts) (width 0.1))
  (gr_line (start 43.18 76.2) (end 73.66 76.2) (layer Edge.Cuts) (width 0.1))
  (gr_line (start 43.18 123.19) (end 43.18 76.2) (layer Edge.Cuts) (width 0.1))
  (gr_line (start 73.66 123.19) (end 43.18 123.19) (layer Edge.Cuts) (width 0.1))

  (segment (start 67.46 87.48) (end 68.58 86.36) (width 0.25) (layer F.Cu) (net 7))
  (segment (start 64.77 87.48) (end 67.46 87.48) (width 0.25) (layer F.Cu) (net 7))
  (segment (start 45.03 90.02) (end 45.03 96.52) (width 0.25) (layer F.Cu) (net 7))
  (segment (start 45.03 96.52) (end 45.03 100.18) (width 0.25) (layer F.Cu) (net 7))
  (segment (start 45.03 100.18) (end 45.03 106.68) (width 0.25) (layer F.Cu) (net 7))
